Specification of routing order (flow directions)		
"No., Subasin-ID(upstream), Subasin-ID(downstream)"		
1	662	660
2	666	7
3	661	42
4	50	660
5	651	7
6	653	652
7	659	29
8	47	7
9	49	38
10	665	7
11	678	46
12	48	50
13	54	7
14	652	7
15	660	42
16	53	652
17	55	7
18	46	38
19	655	53
20	618	617
21	57	654
22	645	660
23	601	29
24	52	46
25	654	652
26	632	59
27	633	632
28	59	61
29	617	7
30	643	56
31	387	56
32	60	654
33	612	61
34	594	60
35	664	7
36	58	29
37	51	697
38	631	7
39	619	601
40	620	7
41	63	60
42	621	7
43	615	64
44	623	7
45	67	76
46	595	654
47	616	64
48	68	64
49	663	7
50	61	7
51	644	56
52	70	7
53	677	62
54	630	7
55	66	697
56	603	64
57	69	697
58	627	7
59	589	697
60	71	64
61	62	654
62	602	7
63	74	697
64	596	697
65	72	7
66	668	64
67	608	7
68	628	7
69	56	660
70	76	697
71	613	614
72	614	386
73	78	7
74	81	85
75	75	7
76	73	72
77	636	78
78	637	7
79	590	697
80	607	7
81	597	80
82	591	697
83	83	386
84	638	84
85	639	7
86	87	697
87	85	83
88	79	78
89	609	83
90	625	7
91	82	697
92	84	81
93	629	7
94	640	7
95	385	92
96	91	65
97	89	88
98	647	77
99	646	7
100	90	697
101	92	7
102	64	734
103	384	92
104	635	65
105	641	7
106	95	646
107	94	605
108	624	7
109	604	7
110	97	697
111	80	65
112	99	697
113	605	7
114	88	7
115	600	697
116	732	610
117	96	7
118	642	7
119	610	88
120	611	65
121	650	120
122	606	7
123	103	7
124	100	65
125	106	697
126	105	7
127	592	697
128	598	697
129	634	7
130	111	7
131	110	101
132	102	7
133	599	697
134	98	697
135	65	29
136	112	7
137	649	7
138	104	88
139	648	7
140	113	101
141	116	697
142	120	7
143	560	7
144	567	7
145	101	7
146	568	7
147	121	124
148	107	697
149	561	7
150	122	634
151	114	7
152	124	7
153	117	7
154	118	113
155	126	565
156	130	7
157	573	132
158	570	7
159	115	108
160	562	7
161	132	7
162	565	7
163	583	115
164	128	122
165	131	123
166	582	7
167	129	7
168	125	7
169	569	7
170	109	697
171	581	7
172	138	136
173	141	7
174	588	697
175	557	127
176	145	7
177	135	634
178	136	7
179	556	127
180	140	127
181	142	7
182	147	7
183	139	127
184	574	7
185	143	127
186	123	697
187	575	7
188	149	7
189	146	388
190	144	634
191	127	7
192	572	7
193	558	7
194	564	7
195	555	7
196	148	634
197	152	155
198	157	7
199	154	7
200	579	634
201	578	634
202	577	144
203	580	156
204	155	7
205	158	7
206	563	7
207	559	7
208	137	697
209	133	697
210	161	151
211	164	7
212	160	7
213	165	7
214	388	117
215	584	7
216	166	7
217	168	7
218	585	153
219	150	7
220	571	7
221	586	153
222	172	156
223	576	172
224	540	7
225	167	151
226	486	151
227	162	150
228	393	151
229	173	7
230	170	7
231	169	156
232	527	156
233	153	137
234	179	7
235	177	7
236	522	7
237	523	7
238	541	7
239	481	7
240	174	7
241	163	137
242	553	7
243	159	7
244	524	171
245	498	7
246	186	178
247	189	7
248	182	7
249	176	7
250	392	179
251	184	7
252	156	634
253	151	7
254	175	169
255	187	7
256	525	7
257	497	7
258	183	156
259	482	192
260	185	171
261	496	189
262	192	7
263	178	7
264	517	7
265	526	181
266	195	179
267	518	7
268	199	7
269	194	179
270	191	7
271	193	180
272	495	7
273	521	188
274	201	179
275	197	181
276	200	180
277	202	7
278	198	7
279	485	204
280	510	7
281	181	527
282	208	207
283	537	7
284	207	484
285	538	206
286	171	7
287	190	7
288	511	7
289	211	7
290	389	7
291	204	196
292	483	485
293	536	7
294	491	7
295	216	7
296	188	151
297	212	188
298	214	7
299	390	7
300	520	7
301	210	7
302	203	179
303	219	7
304	220	7
305	221	7
306	180	7
307	391	390
308	492	7
309	551	7
310	213	180
311	217	210
312	222	219
313	535	7
314	493	7
315	226	7
316	516	7
317	229	237
318	499	7
319	529	228
320	230	7
321	227	733
322	478	227
323	514	7
324	500	499
325	546	240
326	232	206
327	533	528
328	231	7
329	501	500
330	218	7
331	487	7
332	528	7
333	507	206
334	503	501
335	224	7
336	215	7
337	532	228
338	237	206
339	223	217
340	530	228
341	508	242
342	504	487
343	238	532
344	234	209
345	534	7
346	539	228
347	552	7
348	205	179
349	509	487
350	236	7
351	242	487
352	545	240
353	233	7
354	244	228
355	480	234
356	250	7
357	489	7
358	531	241
359	251	545
360	247	487
361	488	236
362	252	487
363	243	7
364	506	256
365	257	228
366	241	206
367	256	487
368	259	248
369	260	251
370	253	228
371	543	7
372	544	7
373	255	234
374	254	488
375	550	7
376	549	228
377	728	206
378	264	7
379	267	7
380	245	7
381	730	487
382	547	261
383	249	239
384	246	206
385	263	239
386	548	547
387	270	239
388	729	487
389	262	487
390	272	228
391	476	234
392	266	228
393	206	7
394	271	7
395	475	487
396	278	487
397	731	228
398	284	280
399	472	248
400	282	7
401	275	487
402	283	7
403	239	7
404	288	487
405	289	487
406	726	7
407	276	487
408	268	263
409	437	279
410	721	7
411	450	289
412	296	487
413	248	733
414	279	731
415	298	487
416	277	239
417	294	282
418	281	7
419	295	291
420	274	261
421	285	7
422	422	282
423	293	268
424	299	487
425	423	282
426	290	234
427	468	7
428	280	248
429	297	281
430	301	291
431	286	7
432	474	487
433	300	279
434	469	7
435	471	470
436	436	300
437	291	274
438	447	452
439	311	452
440	312	287
441	453	452
442	441	291
443	473	469
444	302	468
445	304	285
446	467	7
447	306	234
448	273	728
449	309	441
450	310	7
451	434	309
452	313	7
453	317	303
454	448	311
455	321	282
456	433	309
457	315	487
458	316	303
459	430	320
460	308	425
461	443	300
462	292	279
463	287	234
464	428	313
465	444	300
466	435	303
467	438	303
468	470	7
469	429	320
470	305	234
471	228	7
472	318	7
473	319	468
474	209	180
475	327	303
476	462	461
477	724	487
478	307	473
479	320	308
480	421	282
481	324	321
482	427	303
483	329	427
484	445	303
485	328	303
486	332	303
487	314	7
488	326	7
489	458	303
490	725	325
491	432	328
492	336	325
493	449	331
494	340	325
495	339	334
496	323	7
497	341	325
498	334	325
499	459	303
500	333	323
501	338	432
502	442	337
503	345	352
504	455	282
505	346	337
506	330	461
507	464	323
508	344	325
509	331	282
510	322	468
511	465	325
512	347	325
513	348	303
514	431	303
515	353	303
516	456	460
517	350	303
518	343	335
519	351	337
520	352	325
521	356	303
522	349	342
523	457	337
524	357	337
525	360	337
526	410	325
527	358	303
528	400	303
529	409	410
530	361	303
531	354	303
532	420	337
533	359	325
534	405	359
535	366	303
536	408	325
537	399	303
538	418	337
539	367	410
540	397	303
541	355	325
542	404	337
543	362	360
544	396	303
545	371	337
546	364	337
547	368	410
548	369	410
549	415	303
550	414	370
551	419	337
552	416	372
553	406	370
554	375	303
555	372	337
556	363	325
557	373	337
558	370	325
559	402	303
560	401	303
561	378	303
562	377	374
563	365	359
564	376	372
565	303	446
566	413	365
567	379	376
568	395	303
569	723	380
570	380	303
571	394	380
572	403	374
573	374	372
574	398	303
575	417	337
576	460	337
577	439	348
578	440	303
579	463	335
580	335	323
581	342	325
582	337	330
583	461	311
584	477	234
585	451	452
586	454	452
587	452	289
588	446	487
589	426	282
590	425	282
591	424	282
592	269	7
593	265	7
594	490	7
595	505	258
596	261	206
597	235	554
598	554	546
599	542	240
600	240	552
601	512	7
602	513	512
603	502	7
604	519	7
605	479	180
606	484	196
607	494	7
608	515	7
609	196	7
610	593	109
611	119	107
612	587	697
613	108	65
614	626	7
615	77	64
616	386	7
617	93	7
618	86	697
619	622	7
620	411	325
621	325	487
622	407	325
623	466	325
624	225	179
625	412	325
626	566	7
627	258	247
628	733	179
629	382	719
630	718	7
631	719	7
632	1	7
633	2	7
634	3	7
635	4	7
636	5	7
637	714	7
638	713	7
639	712	7
640	709	7
641	722	7
642	6	7
643	706	7
644	711	7
645	707	7
646	715	7
647	710	8
648	717	7
649	716	7
650	8	7
651	686	7
652	708	7
653	9	7
654	701	7
655	697	7
656	685	7
657	13	7
658	12	7
659	699	11
660	703	7
661	696	17
662	17	697
663	16	7
664	727	7
665	20	7
666	15	7
667	675	676
668	19	16
669	18	7
670	22	7
671	24	699
672	674	676
673	383	7
674	10	7
675	705	27
676	23	699
677	687	697
678	21	7
679	26	7
680	679	697
681	27	30
682	684	697
683	698	699
684	688	697
685	690	691
686	682	7
687	689	697
688	700	25
689	681	7
690	691	7
691	28	30
692	11	7
693	680	697
694	671	7
695	29	697
696	683	7
697	25	699
698	694	29
699	693	7
700	35	697
701	692	37
702	704	700
703	31	25
704	669	7
705	33	700
706	695	697
707	673	7
708	702	29
709	37	697
710	40	42
711	658	697
712	670	30
713	30	7
714	42	7
715	39	697
716	667	7
717	34	30
718	41	32
719	43	7
720	44	7
721	36	7
722	672	41
723	32	7
724	656	29
725	657	697
726	38	34
727	45	43
728	381	7
729	676	381
730	14	676
731	0	7
732	720	7
733	734	61
734	7	-999
